Matrix A (random filled matrix):
0.3658958793127658	0.14285070561239155	0.8172837739615711	0.4640457320248067	
0.4214226441011114	0.8011126133466473	0.9476220039756501	0.13411495521563965	
0.5910795844590385	0.6726960197962418	0.7696573117170172	0.22331506064999507	
0.5023435465512301	0.5938343577689403	0.9203642102476164	0.8510159783913712	

Matrix B (manually filled matrix):
1.0	2.0	1.0	2.0	
2.0	1.0	2.0	1.0	
1.0	2.0	1.0	2.0	
2.0	1.0	2.0	1.0	

Matrix C = A + B:
1.3658958793127658	2.1428507056123918	1.817283773961571	2.4640457320248066	
2.4214226441011113	1.8011126133466473	2.94762200397565	1.1341149552156398	
1.5910795844590386	2.6726960197962417	1.7696573117170171	2.223315060649995	
2.5023435465512303	1.5938343577689404	2.9203642102476164	1.8510159783913713	

Matrix D = C * 2:
2.7317917586255316	4.2857014112247835	3.634567547923142	4.928091464049613	
4.842845288202223	3.6022252266932946	5.8952440079513	2.2682299104312795	
3.1821591689180773	5.345392039592483	3.5393146234340342	4.44663012129999	
5.0046870931024605	3.187668715537881	5.840728420495233	3.7020319567827427	

Matrix M = C / 2:
0.6829479396563829	1.0714253528061959	0.9086418869807855	1.2320228660124033	
1.2107113220505556	0.9005563066733236	1.473811001987825	0.5670574776078199	
0.7955397922295193	1.3363480098981209	0.8848286558585086	1.1116575303249976	
1.2511717732756151	0.7969171788844702	1.4601821051238082	0.9255079891956857	

Matrix E = C * D:
32.22350164495958	31.1415084789962	38.42082959153664	28.794502698857784	
30.39302502129004	36.23688569325218	36.47544161759709	33.323844360857336	
34.04827885066817	32.9932490167568	40.78823488389745	30.00306968357096	
33.111394211815934	37.97656492799694	39.638348482218305	35.78526040141713	

